234
924
812
573 577
982 988
243 248
144 150
641
938
625 630
951
629
46 51
793 797
705 709
213
234 238
363 368
367
932 937
755
156 160
974 979
73
128 133
402 407
931
534 542
86 91
930 934
592
978
205
662 666
151 155
682
32 36
909 915
275
922
475 481
827
426 432
686 695
416
414 418
421
518 522
443 447
867
739
623
236 242
737 744
743
223 227
344 350
846 853
645
199 204
390 394
389
335 339
94 99
967 973
769 773
125
52 57
371 375
670 674
759 763
805 810
754
563 568
736
484 490
787
771
680
126 130
768
745
912 916
219
718
601 607
84 88
589 595
27 31
285 289
355 359
329
504
753 758
510 517
295 304
632 636
612 617
649
69 76
4
892 897
885 891
417 422
463
337 341
450
17
566 571
175 180
138 143
543 547
18 26
37 44
837 841
811
898 902
820
100
415 419
127
861 866
889
183 188
312
54 58
767
259 263
247
530
642
622 628
23
159
35
270 280
520
338 343
163 168
446
650
721 726
950
908
157 161
15 20
96 101
384 388
581 585
578 582
876 881
454 458
373 382
808 813
802
677
943 947
192
969
712
610
760 765
864
469 474
594
176
505
815
615 619
584
761
794 798
372 376
896
975
321 327
142
839
634 643
165 169
653 657
539
954
918 927
457
9
879 883
326
858 862
809
49 53
362
440
404
28
993 999
212
226 231
742
828 832
987
921
482 487
468
957 961
203
826
356
104 108
492 496
83
488
664 668
990 995
626
433
141
697 701
208
588
136
779
895
268
8 12
66 71
251
803
257 262
785
194
425
272
90
34
