638
389
459 461
467
861 862
474 475
99 101
359 363
372 373
339 341
352
690
912 915
27 30
409 410
797 798
415 417
285 288
753 758
945 946
615 617
64 65
198 199
66 67
730
733
672
736
740 744
483
231 234
488
301
935
433
631 632
834 835
413 414
273 280
450
714 715
473
986
688
639
561
647
564 566
825 828
286
7
616
19
406
894 897
226 227
106
926
386 388
6 8
793 794
500
407 408
440
517 518
446
180 182
438 443
391
596
477
705 709
846 847
177
485
298
390 392
803
263 264
668 670
579 580
956 957
161 162
428 432
572 573
699 700
393
216
710 711
468
484 487
977 979
937 940
178
501 503
300
902 903
557
805 806
158 160
660 661
84 85
326
71 72
283
607 608
296
624 625
746
904 909
667
512 513
311
837 838
886
46 47
941 943
420
958 960
576
209
168 169
990 991
697 698
452 454
973 974
681 683
762 763
720 721
214 215
609 612
623
811
788 789
45
521 522
907
725
329
14
464 465
206 207
229
347
873 876
375 376
421
116 117
10 12
504
800 801
534 535
62
274
594
400
0 2
127
49 51
377
54 55
592
879 881
191 195
540
611
346
555
922
842
314
954
695 696
34
63
275
147 150
140
87
568 571
259 262
497
20 26
113
523 524
795 796
505
536
673 674
387
297 304
200 204
68 69
332
539
490 492
993 995
743
354
528 529
31 32
370
932 934
188 190
159
908
850
23
105 108
784
898 901
620 622
270 271
950
712
57 58
320
961 965
970
462
81
481 482
853 856
553 558
384 385
967 968
770 773
193
125
575
378
70
735 737
586 587
294
179
864
808 810
38
499
218 221
548 552
772
648
444 445
324 327
460
818 824
859
103
496 498
962
765 769
692
439
874
40 44
267
994
126 128
896
277
728
916 918
975
919 920
476 478
662 664
369
153 155
584
447 449
726 731
759 760
998
761
519
343 344
669
404
235
865
827
771
80 82
533
249 250
268
139
516
591
550
972
605
964
923
351
109
556
857 858
52 53
401 402
92
232
510 511
867
633 634
247
302
723
602
871 872
176
614
28
849
627
816 817
434 437
5
866 868
131 133
21
546
860
118 119
15 18
203
893
306 307
686 689
628 630
890
451
144 146
171 172
701 703
891 892
382 383
532
877
134 137
640
821
260
665 666
675 676
952 953
86 88
29
243 244
291 295
217
91 93
181
22
621
129 130
889
316
947 949
776
183 185
637 643
880
855
312
330 331
787
173 175
102 104
792
238 242
357
138 143
394 395
610
141
985 988
790
156 157
442
50
646
3
589 590
90
921
679
802
365 366
313
265
583 585
551
98
745
403 405
196
100
707
840 841
256 257
303
939
35
121
163 165
839
220
791
223 224
466 469
716 717
851
843
236 237
422 424
777
148
905
411
194
963
595 598
310 318
882 883
151 152
599 600
494 495
815
41
757
507
272
321 322
76 79
832 833
114 115
59 61
74
112
581 582
368 371
807
754
502
110
992
650
479
293
489
910 911
938
641
830
913
225
508
543 544
574
211
455 458
982 984
353 355
287
549
431
732
722
601 603
166
854
618 619
430
559
694
456
526
554
925
240
111
813 814
764
348
480
951
936
702
201
570
358
241
315
509
278
649
734
884 885
123 124
189
525 527
565
927 928
778
340
107
638
969
845
436
453
9
337 338
246 248
774 781
654
929 930
345 350
349
971
562 563
588
142
635 636
94 95
493
202
980 981
252 253
435
335 336
281
852
878
73
364
309
644
829
276
804
42
284
491
319
333
254
942
976
531
831
729
423
708
197
334
356
60
786
145
906
48
374
655
149
228
677
425
799
361
680
416
25
396
78
657 659
751 752
470 471
613
719
812
704
279
174
545 547
233
718
651 653
899
239
75
691
317
486
875
538
652
13
924
645
569
959
515
184
187
629
626
779
77
809
205
978
398 399
251
208
606
230
678
836
213
656
292
747
693
987
684 685
412
887
56
775
724
305
89
933
258
418 419
